0,496
0,495
0,494
0,493
0,492
52,3
52,2
52,1
52,0
0,491
0,490
51,3
51,2
0,489
51,1
51,0
0,488
50,3
50,2
0,487
50,1
50,0
49,3
49,2
49,1
49,0
48,3
48,2
48,1
48,0
24,49
24,48
24,47
24,46
24,45
24,44
24,43
24,42
24,41
24,40
24,39
24,38
24,37
24,36
24,35
47,4
47,3
47,2
47,1
47,0
46,3
46,2
46,1
46,0
0,486
0,485
0,484
0,483
0,482
0,481
0,480
45,4
45,3
45,2
0,479
45,1
45,0
0,478
0,477
0,476
0,475
0,474
0,473
0,472
0,471
44,4
44,3
44,2
44,1
44,0
0,470
0,469
43,4
43,3
43,2
43,1
43,0
0,468
42,5
42,4
42,3
42,2
42,1
42,0
41,4
41,3
41,2
41,1
41,0
40,3
40,2
40,1
40,0
0,467
14,5
14,4
14,2
14,0
39,5
39,4
39,3
39,2
39,1
39,0
0,466
0,465
0,464
0,463
0,462
38,4
38,3
38,2
38,1
38,0
0,461
32,4
0,460
0,459
0,458
0,457
0,456
0,455
0,454
0,453
0,452
0,451
0,450
0,449
0,448
37,5
37,4
37,3
37,2
0,447
0,446
37,1
